.Random.seed <-
c(403L, 10L, -2038065177L, -492503282L, -1962708760L, -747183381L, 
476457865L, -708339944L, -154887610L, -1886365023L, -492610253L, 
604914850L, -1602245740L, 2053919255L, 625726989L, 1717056292L, 
1446629130L, 277299829L, 553370063L, -1966060842L, 115502720L, 
-358756157L, 69602913L, -657242416L, 2022146094L, -1653332519L, 
802028011L, 261237850L, -823347684L, 1102640927L, -2015229067L, 
1112216076L, 462939106L, -1728270147L, -1978441929L, 1724352478L, 
-1470884584L, 130332795L, 1338261017L, 1424103080L, -168758186L, 
1276530897L, 1099902083L, 1734463250L, 699488932L, -1863997849L, 
-91605059L, 1109453108L, 592071322L, 1396213989L, -985138561L, 
-825334778L, 1338079120L, 632830515L, -1130303023L, -34311296L, 
-671895970L, 442340777L, 1490383963L, -991376278L, -1235970804L, 
317912911L, 306275333L, 704977596L, -578344046L, 1764436109L, 
1338912455L, -935516242L, 208122376L, 1073853963L, -2059632919L, 
1486002616L, 1276335718L, 481047297L, 1340044691L, -131658174L, 
21066228L, -1403646985L, -1393217555L, -1124411260L, -750567766L, 
-956615659L, -1537006417L, -1212110154L, -1838782240L, -1323838429L, 
1058851649L, -1076308432L, -901815218L, 516140217L, 839592139L, 
92779898L, -1525462916L, 1019714751L, 718428565L, -389303892L, 
-499907710L, -1500616355L, 1960437847L, -530538690L, 633374584L, 
-1016304549L, 591174585L, -1197004280L, 2115612854L, -1114544143L, 
59208227L, 1376303730L, -1593671484L, -607811961L, -1217905059L, 
1847763028L, -510131590L, -1647240763L, -1932891361L, -2049784154L, 
253253680L, -891352365L, 2108170481L, 516820000L, -1244800322L, 
-2081788215L, -1636897669L, 228229706L, 280655532L, -87101009L, 
-2133698203L, 1788299036L, -562771086L, 1734485997L, 262146087L, 
1204260942L, 933745832L, 913545899L, -494309431L, -169737256L, 
-369499514L, -1518718111L, 101922547L, 1975429474L, -1372956716L, 
779887319L, 1514268877L, 36954212L, 734875210L, -1571251275L, 
-1305991409L, -1386613738L, -973349184L, 807979139L, -402758495L, 
1015057040L, -74565266L, 662902553L, 1472826283L, -110929510L, 
975306076L, 2014876767L, -833041355L, -845097012L, -610106590L, 
-777355907L, -1695936905L, 625620894L, 1239783000L, -592117829L, 
-1496313511L, 422251240L, 19583766L, 1668437137L, 551323971L, 
1448215634L, -753756444L, -647835353L, 1937375613L, 609044596L, 
954509914L, 429713061L, -1961610049L, -476739770L, 991274448L, 
163575795L, -323137775L, 1270812480L, -560531682L, 2077648873L, 
2023394587L, 1186424618L, -1197475764L, -1896624113L, -282813627L, 
485690620L, -539460782L, 945790157L, 904027271L, -816388242L, 
1052744008L, -1178182325L, -497811287L, 1338647032L, 1140363558L, 
994759233L, -1231709229L, 1696196994L, -439280204L, -2063685321L, 
-646923219L, -560551612L, 307469930L, -1358653227L, 598734447L, 
1960272758L, 559781024L, -1000436381L, -958783999L, -1075356304L, 
-1975075570L, -1094811783L, 1528889099L, -1654194118L, 712249148L, 
1800825983L, 215416789L, 1659580908L, 494207810L, 734203037L, 
2025682199L, 1806060670L, 1762944056L, -1235881966L, 800325600L, 
-494441524L, 1160830432L, 325934114L, 337814824L, -1107093236L, 
2048921148L, -1253313294L, -492222224L, -391837884L, -1110044584L, 
996524602L, -378308368L, 1604506300L, -1495205356L, 149023938L, 
227821152L, 596628860L, 888288464L, 100647970L, 1429514408L, 
849563020L, 267874748L, 1368643634L, -865565888L, -240562508L, 
-1444880056L, -76496198L, -1529233648L, 1143447788L, 393177172L, 
-1394546926L, -1234804320L, -2064250932L, -1789010080L, 1279753410L, 
-256504280L, -168830548L, -916888772L, 196031346L, -484397264L, 
1829232676L, 1101450808L, -307146022L, -1623902320L, 1541633276L, 
-1138221676L, -1247186110L, 50211328L, 1840244796L, -320007600L, 
-1999531870L, 114041672L, -1418753524L, -664397092L, 958746706L, 
516566144L, -914430124L, -1528934424L, 243270394L, -1290483888L, 
-1852005332L, -666936972L, 1513229970L, 434807392L, 1776767116L, 
-1355607712L, -1303258910L, -1679971160L, 1056073420L, -606987780L, 
1261493170L, 1825088496L, 2059391428L, 744885592L, -1494523526L, 
1462497712L, -843085380L, 53689940L, -1374758462L, 60252960L, 
-176147524L, 1768534096L, 1992121314L, 1569488744L, -978536628L, 
-908980484L, 279647986L, -2026062592L, -1562145676L, -1140437496L, 
1752810938L, 1196062160L, -1181337620L, 1853705108L, 170674386L, 
1026909280L, 1657539916L, 136811296L, 967457410L, 1940226536L, 
782253036L, 2023489084L, 828647026L, -727471248L, -1508057820L, 
423148088L, -548736614L, -820089392L, -933657156L, 259878548L, 
-194059646L, 478567872L, 1826142012L, 259568272L, 1503557410L, 
-569657848L, -394657012L, 1629193116L, -1818977262L, -1925682304L, 
1572772628L, 964359464L, -229691334L, -1671838768L, -670762388L, 
-182891468L, 659304594L, -1569670816L, 227990860L, -808299040L, 
-1606198366L, 1508563880L, -156377972L, 1741992892L, 1117004914L, 
-500348944L, -1700027324L, -276117416L, 315949114L, -2093922192L, 
2012151356L, 844130068L, -1212806462L, 26890976L, -65960836L, 
-886944560L, -1425681502L, -1051226584L, -331742964L, -1541699652L, 
541274418L, 541186240L, 234033716L, -1201022264L, -658898246L, 
1912851600L, -1055717652L, 560158292L, -1174280558L, -52386016L, 
1413478348L, 634710240L, -1929097534L, -1046096856L, 997694380L, 
-1201386820L, 280650226L, -1414470096L, -611846236L, 379929016L, 
1538956122L, -109865840L, 2007735164L, -107274476L, -1972183742L, 
970264320L, 1062943676L, -1613029552L, -570367710L, -481842616L, 
-1700653044L, -548959140L, 4690386L, -1010176L, -547802796L, 
1820729576L, -1864150790L, -1041340720L, -1555412692L, -1049102092L, 
1340272018L, 989759840L, 2018183180L, 783428320L, -707452318L, 
-180700504L, 1350056524L, -1335507076L, -979677902L, -2034424208L, 
-669664444L, 68536280L, -226402438L, 1527475760L, 1612945340L, 
671192660L, 564480066L, -1045413728L, 1938042556L, 2109688272L, 
-1399708830L, 1656079080L, -1247592244L, 828883452L, 710765042L, 
492452480L, 406353396L, -1776507256L, 1867423546L, -452770992L, 
994784364L, -855230060L, 1972102226L, -637982240L, 696253644L, 
1253875625L, 36667931L, 1295940588L, 928693242L, -1508313041L, 
455637049L, 318130766L, 1046203036L, 1224462349L, -1176662921L, 
1588497536L, -1218172194L, -1168451157L, -1964584275L, -998815974L, 
-845719592L, -1046686655L, 1676878579L, -134388460L, 159469730L, 
-385593929L, 1405911425L, -61671546L, 757560772L, -1109474059L, 
-758641313L, 323592120L, -838765930L, 444325027L, -1656736155L, 
-397667454L, 1547964656L, 712751257L, -1919676277L, 535853436L, 
-509892694L, -1701496865L, -61803159L, 639494526L, -1971332756L, 
-445726275L, -2051698041L, -2091587984L, 854002958L, 292614715L, 
-685336291L, -1530450998L, -163814168L, 984438737L, 488180163L, 
-1743990076L, -379309710L, 425917511L, 571797521L, 1708325270L, 
-488932108L, -298895739L, 1843822543L, 511635144L, -1015675034L, 
-2106065517L, -1759420683L, 1506442962L, -971020000L, -239843063L, 
1873043003L, -1937484916L, -1586236902L, 866398863L, -1594712615L, 
-1673231762L, -1914465796L, -1012300947L, 240643351L, -53638944L, 
825011902L, 1562262667L, 1086012173L, 390974266L, 1672422264L, 
279769377L, 100932051L, 1136806132L, 532318594L, -179102697L, 
556264161L, 1025750054L, -128806620L, -1034530347L, -1900343937L, 
234288152L, -1648878794L, -175301181L, 2136781829L, 863539106L, 
138972048L, -1058402503L, 1800109035L, -236917540L, 10630410L, 
-503137281L, 1573584457L, -271717410L, 1754518412L, -2032004259L, 
-1635953817L, 1076410512L, 381707950L, 1280312155L, -1895394499L, 
1186077098L, 1502082632L, 1412286065L, 280901603L, -1520188700L, 
1250236946L, -693744153L, -1678255695L, 2113433590L, 1436430868L, 
1074216229L, -490287569L, -944391192L, 288705734L, 1701935475L, 
-1173306923L, 1587123634L, -1287558272L, -2012516503L, -1640274981L, 
-385168596L, -862808774L, 473197551L, 1490632313L, 1353632014L, 
516036828L, -1834512563L, -1567785289L, 1608412224L, -940399330L, 
-1197490197L, -158792851L, -983051814L, 961252248L, 307573249L, 
121349043L, 526074580L, -157932574L, 1884943991L, -1090457663L, 
